5 24 26 32 45 50 93 97 126 127 188 225 248 253 262 337 394 426 467 482 577 611 615 616 643 716 741 799 850 890 922 930 942 967 988 
8 33 197 229 244 246 296 347 378 441 452 453 496 508 517 527 542 547 558 569 574 586 608 609 662 697 706 745 834 851 892 926 972 977 
116 117 176 207 276 357 367 371 384 387 404 428 460 476 492 495 499 552 598 607 637 656 665 711 736 744 775 787 794 808 859 948 961 
0 40 63 90 105 143 156 181 268 271 330 369 471 477 478 494 524 537 592 606 644 674 675 686 687 755 784 846 870 964 981 994 
9 60 120 195 210 228 233 302 386 421 430 459 475 502 554 566 588 590 633 648 673 698 703 709 768 813 826 885 891 976 984 990 
14 59 67 80 82 137 196 209 227 247 286 304 306 352 359 389 416 434 450 491 539 601 629 669 691 733 760 804 839 882 
11 70 77 86 162 165 167 251 257 303 405 458 581 666 682 704 723 726 758 819 823 847 875 886 888 901 910 918 919 986 
12 17 28 58 79 84 102 108 217 240 411 474 509 563 579 659 664 798 801 860 871 881 906 911 914 923 946 959 963 969 
4 10 27 75 128 132 158 180 198 211 232 266 288 329 348 429 603 632 689 747 786 800 840 887 903 905 935 958 987 
21 41 78 150 169 170 179 212 237 343 468 469 472 497 506 515 529 571 600 628 636 793 833 880 894 912 947 966 980 
38 130 135 219 245 280 281 327 402 419 440 461 462 480 516 519 549 564 584 638 663 766 770 810 811 853 955 960 983 
39 64 124 178 186 220 235 311 390 396 409 415 420 423 465 513 533 594 602 624 661 679 740 753 780 836 843 939 
16 55 88 144 238 243 259 300 392 501 520 553 556 559 573 585 646 739 750 761 771 807 815 852 904 934 944 956 
43 95 98 138 157 174 177 249 252 292 364 399 407 431 514 548 593 623 640 650 680 692 714 728 869 950 953 985 
25 65 113 154 231 256 272 274 294 362 398 479 512 522 570 621 645 654 683 699 701 759 824 830 909 915 971 
81 146 160 164 298 393 505 511 526 560 617 651 655 671 678 707 725 767 861 883 936 951 965 973 979 997 
15 66 72 119 139 182 190 283 285 312 313 319 413 451 525 696 752 765 783 814 837 838 857 897 920 
7 31 101 109 115 121 270 354 435 444 455 544 625 647 712 722 729 769 820 872 874 927 970 991 995 
106 122 161 206 265 287 335 379 507 535 575 583 635 657 677 715 731 789 809 821 827 855 917 928 940 
91 136 223 226 269 305 340 456 473 503 528 591 595 772 782 785 791 803 842 856 876 889 898 907 925 
22 23 51 71 104 114 125 134 155 172 175 241 258 310 373 540 587 613 614 672 710 792 795 831 
44 202 218 230 260 324 325 338 374 536 541 551 589 631 688 754 762 788 832 929 974 998 
13 35 53 87 129 152 159 214 293 332 447 568 653 681 693 705 737 748 848 877 968 993 
49 68 100 123 163 297 326 454 523 531 562 565 667 694 708 721 732 749 781 865 921 978 
74 76 89 199 224 308 417 446 483 530 546 550 618 685 776 816 828 900 902 938 954 
185 216 236 309 316 355 400 410 425 504 538 660 702 720 777 893 895 899 931 952 982 
54 61 107 148 291 334 341 391 439 484 498 532 676 730 746 774 778 941 949 962 
94 187 289 301 314 360 365 382 432 457 485 493 717 734 779 790 805 822 844 913 
37 131 147 171 234 261 284 353 385 481 488 543 576 641 690 713 735 796 932 
85 103 112 191 205 242 344 366 470 555 596 639 797 845 858 864 868 884 992 
30 62 142 166 255 279 299 342 363 375 464 557 700 727 751 943 
19 20 141 153 168 203 403 578 658 684 724 825 854 896 975 
69 83 290 322 323 333 346 401 427 486 634 812 829 945 
315 318 356 437 605 610 620 649 849 863 866 878 996 
140 183 184 267 350 380 412 414 445 695 756 757 802 
99 189 193 204 208 321 561 580 764 773 933 989 
6 118 192 264 370 372 395 463 490 572 582 612 
222 254 320 328 408 436 442 627 668 670 908 937 
1 3 48 56 133 545 604 652 718 738 957 
29 47 52 73 336 422 489 619 742 924 
92 111 200 377 433 466 518 806 
18 57 339 345 349 424 743 879 
273 277 381 438 487 818 841 
34 194 215 275 278 368 418 
46 96 307 397 626 630 642 
145 151 449 567 622 763 
201 213 282 331 388 862 
149 173 250 351 443 534 
376 406 719 835 916 
42 263 867 999 
36 239 510 521 
110 295 317 599 
2 221 358 500 
383 597 817 
361 448 873 
