1 15 56 106 110 123 142 153 166 194 215 250 275 276 316 320 333 342 375 418 421 443 450 484 527 545 557 572 573 588 610 634 641 673 698 700 718 751 806 812 943 945 957 
35 46 47 48 53 55 116 124 129 152 159 214 249 332 336 345 349 351 384 413 415 420 422 438 447 495 513 590 622 653 693 737 742 748 848 877 924 968 971 993 
5 6 24 45 50 57 75 93 126 127 180 188 216 225 248 253 262 291 330 337 394 426 467 482 577 611 615 635 639 643 716 741 799 850 890 922 930 942 967 988 
30 80 176 200 202 207 211 228 255 308 357 368 371 377 387 404 437 460 466 476 492 499 552 570 598 607 637 665 732 736 744 775 787 794 808 854 859 948 961 
12 26 52 73 130 135 196 219 280 281 388 391 401 402 419 440 461 462 480 489 516 549 564 584 619 638 663 766 770 807 809 810 811 823 853 867 955 960 983 
10 34 68 69 114 122 128 138 145 158 161 163 183 190 198 220 265 288 314 335 353 507 575 583 613 657 677 715 731 763 789 821 827 855 917 928 933 940 
62 70 154 169 197 244 246 271 296 299 317 356 409 441 452 464 496 508 517 542 547 558 574 586 599 608 609 662 697 705 706 745 834 851 892 926 972 977 
8 37 112 136 141 147 156 222 344 348 352 366 385 436 442 481 543 555 567 576 627 649 668 670 713 719 735 743 772 796 797 863 864 873 932 937 992 
63 74 90 131 143 170 213 227 277 347 369 383 397 448 471 477 494 524 537 592 597 606 644 674 675 686 738 755 784 817 846 870 878 964 981 994 
21 41 84 88 133 179 212 237 283 343 372 395 468 469 472 497 506 515 529 571 600 628 636 793 833 880 886 894 912 947 966 980 996 
89 168 224 260 282 378 403 417 427 446 453 465 483 501 546 550 618 624 658 684 685 724 750 776 816 828 862 900 902 938 954 975 
28 33 97 100 297 350 358 361 408 412 454 463 500 523 562 605 616 620 652 667 708 721 749 781 849 865 866 868 908 921 931 978 
4 54 59 61 111 148 151 171 201 223 230 242 279 323 325 334 470 532 534 630 642 676 690 725 730 746 774 778 941 949 962 
9 29 66 85 91 139 182 226 239 269 293 340 456 498 503 528 591 595 727 782 785 791 803 842 856 876 889 898 907 925 989 
16 18 83 96 173 193 210 232 259 300 367 390 392 435 486 487 520 530 553 556 559 646 739 761 771 815 852 904 934 944 956 
2 25 38 64 78 118 140 178 186 217 370 376 386 396 406 423 490 533 565 582 594 602 661 679 740 753 836 843 939 984 
107 120 195 229 233 247 326 346 430 433 459 475 478 488 518 554 566 633 648 703 709 768 813 826 841 885 891 976 990 999 
11 67 82 103 117 132 160 209 286 302 306 389 416 428 491 535 539 601 604 612 629 669 678 691 733 760 804 839 882 
39 43 76 95 98 102 174 252 292 364 381 399 407 431 514 548 593 623 640 650 680 692 714 728 734 869 950 953 985 
19 81 137 164 177 234 298 315 393 434 505 511 526 560 578 617 651 655 689 707 767 861 883 936 951 965 979 997 
58 79 235 240 411 473 474 509 519 563 569 579 626 659 664 798 801 860 871 881 906 911 914 923 946 959 963 969 
7 14 31 109 115 121 254 270 303 354 379 410 455 544 625 647 712 722 729 769 820 872 874 927 970 991 995 
113 146 191 231 256 272 273 294 331 359 380 398 479 504 512 522 621 645 654 699 701 759 824 830 845 888 915 
72 119 144 157 181 192 243 285 312 313 319 339 374 451 525 696 711 752 765 783 814 837 838 857 897 920 
20 32 44 86 162 165 167 221 257 405 666 682 704 723 726 758 819 847 858 875 901 910 918 919 986 
13 17 27 49 189 208 238 318 321 341 362 439 444 445 531 561 596 681 695 773 835 879 909 916 
22 23 51 60 71 104 125 134 155 172 175 204 241 258 310 373 540 587 614 672 710 792 795 831 
94 108 203 245 274 289 301 360 365 382 432 457 485 493 502 585 717 779 790 805 822 844 913 
101 263 264 266 329 424 429 603 632 747 786 800 825 840 887 896 903 905 935 958 987 
149 185 199 309 311 327 355 400 538 660 671 702 720 777 893 895 899 952 973 982 
150 218 324 338 536 541 551 589 631 688 754 762 788 832 929 974 998 
36 42 77 87 92 251 295 328 414 458 581 764 802 884 
0 3 304 510 580 683 687 756 757 818 
287 322 363 656 694 829 
236 267 268 284 425 521 
99 184 205 206 
65 187 568 780 
40 307 449 
105 278 290 
261 305 
