1 15 30 46 69 80 106 123 194 200 207 215 234 255 275 276 278 323 333 346 357 367 371 377 384 387 404 418 443 450 466 476 499 527 552 557 572 598 607 634 637 656 665 736 744 775 787 794 806 808 812 829 854 859 943 945 948 957 961 
36 48 53 56 87 116 129 142 159 222 239 250 277 287 293 320 381 408 437 438 454 463 495 502 523 545 562 565 590 605 610 622 652 667 693 694 700 708 718 721 727 732 737 749 781 836 849 865 866 878 908 921 971 978 993 
9 60 64 66 120 186 195 210 228 229 233 284 302 311 326 363 368 386 415 421 430 433 459 475 487 518 530 554 566 588 594 620 633 648 673 698 703 709 768 813 818 826 841 843 885 891 939 976 984 990 
6 21 41 42 140 150 170 179 212 237 254 267 283 290 328 342 343 350 361 372 395 449 468 469 472 486 488 497 506 515 529 567 600 628 636 793 833 880 894 912 947 966 980 996 999 
3 20 74 78 89 110 117 153 168 199 224 282 295 308 322 351 376 378 403 406 417 427 446 453 465 483 546 550 571 618 624 658 684 685 724 776 816 828 862 900 902 938 954 975 
37 70 88 103 112 131 136 147 242 297 339 344 348 352 366 385 424 436 442 481 500 543 555 576 596 627 649 668 670 713 719 735 743 772 796 797 835 863 864 868 873 932 937 992 
0 40 63 90 105 133 143 156 187 211 249 268 330 369 383 397 448 471 477 478 494 524 537 592 597 606 626 644 674 675 686 687 738 755 756 784 817 846 870 964 981 994 
2 8 62 154 169 178 197 244 246 271 296 299 317 347 353 356 409 441 452 464 496 508 513 517 542 547 558 574 586 599 608 609 662 697 706 745 834 851 892 926 972 977 
38 52 73 130 135 196 219 280 281 379 388 401 402 419 425 460 461 462 480 489 516 549 564 568 584 619 638 663 766 770 807 810 811 853 867 955 960 983 
12 34 68 97 122 128 138 145 161 163 183 198 206 220 265 288 291 335 507 575 583 613 635 657 677 715 731 763 789 809 821 827 855 917 928 933 940 
5 24 26 32 45 50 93 126 127 188 225 248 253 262 337 349 394 426 467 482 577 611 615 616 639 643 716 741 799 850 890 922 930 942 967 988 
25 65 85 100 113 191 231 241 256 272 274 294 318 331 362 380 398 479 512 522 570 614 621 645 654 683 699 701 759 824 830 845 888 909 915 
19 81 141 146 160 164 190 261 298 315 327 336 393 434 505 511 526 560 578 617 651 655 671 678 707 725 767 861 883 936 951 965 973 979 997 
17 57 58 79 84 92 108 152 177 217 240 411 473 474 509 519 563 569 579 659 664 798 801 848 860 871 881 906 911 914 923 946 959 963 969 
11 49 77 86 162 165 167 221 251 257 273 303 358 359 405 458 581 666 682 704 723 726 758 819 823 847 858 875 886 901 910 918 919 986 
16 18 28 33 55 107 173 193 238 243 247 259 300 304 392 501 520 553 556 559 573 585 646 739 750 761 771 815 852 904 934 944 956 
4 54 61 83 111 148 151 171 201 223 279 325 334 375 470 484 532 534 630 642 676 690 730 746 774 778 941 949 962 
43 76 95 98 102 114 166 174 252 292 364 399 407 431 514 548 593 623 640 650 680 692 714 728 751 869 950 953 985 
29 59 91 139 182 226 245 269 340 456 498 503 521 528 591 595 782 785 791 803 842 856 876 889 898 907 925 989 
10 75 132 158 180 214 232 264 266 329 429 603 632 689 747 786 800 825 840 879 887 896 903 905 935 958 987 
7 31 101 109 115 121 263 270 354 435 444 455 544 625 647 712 722 729 769 820 872 874 927 970 991 995 
67 82 137 209 227 286 306 389 416 428 491 535 539 601 604 612 629 669 691 733 760 804 839 882 
72 119 144 157 181 192 285 312 313 319 374 451 525 696 711 752 765 783 814 837 838 857 897 920 
149 185 216 236 309 316 355 390 400 410 423 504 538 660 679 702 720 777 893 895 899 931 952 982 
27 99 184 189 208 321 341 391 412 414 439 445 510 531 561 580 695 757 764 773 802 884 916 
22 23 51 71 104 125 134 155 172 175 204 258 310 373 540 587 672 710 792 795 831 
44 202 203 218 230 260 324 338 536 541 551 589 631 688 754 762 788 832 929 974 998 
13 35 47 96 205 305 307 332 345 413 422 447 641 653 681 705 742 748 877 924 968 
94 289 301 314 360 365 382 432 457 485 493 717 734 779 790 805 822 844 913 
14 39 124 213 235 420 533 602 661 740 753 780 
118 176 370 396 440 490 492 582 
